1,1,1,1,68,3/15/2024 0:00:00
2,1,1,2,71,3/16/2024 0:00:00
3,1,1,3,69,3/17/2024 0:00:00
4,2,1,2,72,3/16/2024 0:00:00
5,2,1,3,70,3/17/2024 0:00:00
9,5,1,1,67,3/15/2024 0:00:00
10,5,1,2,70,3/16/2024 0:00:00
11,5,1,3,68,3/17/2024 0:00:00
12,1,2,1,70,4/20/2024 0:00:00
13,1,2,2,72,4/21/2024 0:00:00
14,1,2,3,71,4/22/2024 0:00:00
15,2,2,1,73,4/20/2024 0:00:00
16,2,2,2,71,4/21/2024 0:00:00
17,2,2,3,74,4/22/2024 0:00:00
18,4,2,1,78,4/20/2024 0:00:00
19,4,2,2,76,4/21/2024 0:00:00
20,5,2,2,68,4/21/2024 0:00:00
21,5,2,3,70,4/22/2024 0:00:00
22,6,2,1,75,4/20/2024 0:00:00
23,6,2,2,73,4/21/2024 0:00:00
24,6,2,3,72,4/22/2024 0:00:00
25,1,3,1,71,5/10/2024 0:00:00
26,1,3,2,69,5/11/2024 0:00:00
28,1,3,3,70,5/12/2024 0:00:00
32,5,3,1,68,5/10/2024 0:00:00
33,5,3,2,67,5/11/2024 0:00:00
34,5,3,3,69,5/12/2024 0:00:00
35,7,3,1,77,5/10/2024 0:00:00
36,7,3,2,78,5/11/2024 0:00:00
37,7,3,3,76,5/12/2024 0:00:00
